seed,episode,average_reward
1,0,-30.199999999999964
1,1,23.50000000000003
1,2,39.633333333333354
1,3,26.375000000000014
1,4,39.90000000000001
1,5,45.916666666666686
1,6,52.000000000000014
1,7,56.63750000000002
1,8,48.722222222222236
1,9,42.73000000000001
1,10,39.30000000000001
1,11,35.22500000000001
1,12,40.0846153846154
1,13,44.00000000000001
1,14,40.160000000000004
1,15,36.68750000000001
1,16,39.2529411764706
1,17,36.716666666666676
1,18,34.15263157894738
1,19,36.81500000000001
1,20,39.104761904761915
1,21,41.781818181818196
1,22,39.443478260869576
1,23,41.31250000000001
1,24,39.33200000000001
1,25,37.56538461538462
1,26,35.71481481481482
1,27,34.346428571428575
1,28,32.824137931034485
1,29,31.430000000000003
1,30,30.100000000000005
1,31,28.865625000000005
1,32,30.560606060606062
1,33,29.538235294117644
1,34,28.608571428571427
1,35,27.28611111111111
1,36,26.235135135135135
1,37,25.22368421052631
1,38,27.11282051282051
1,39,26.124999999999993
1,40,27.795121951219503
1,41,26.999999999999993
1,42,28.61162790697674
1,43,30.190909090909084
1,44,29.511111111111102
1,45,28.682608695652167
1,46,27.863829787234035
1,47,27.16666666666666
1,48,26.51428571428571
1,49,25.791999999999998
75,0,88.8
75,1,91.04999999999998
75,2,91.8
75,3,66.94999999999999
75,4,52.71999999999999
75,5,56.849999999999994
75,6,61.37142857142857
75,7,51.25
75,8,54.1
75,9,48.35000000000001
75,10,51.8818181818182
75,11,46.77500000000001
75,12,50.115384615384635
75,13,45.850000000000016
75,14,48.613333333333344
75,15,51.03750000000001
75,16,47.352941176470594
75,17,44.31111111111112
75,18,46.05263157894738
75,19,43.290000000000006
75,20,45.62380952380953
75,21,43.37727272727273
75,22,41.29130434782609
75,23,43.43750000000001
75,24,41.38800000000001
75,25,39.47307692307693
75,26,41.25925925925927
75,27,39.557142857142864
75,28,37.91724137931035
75,29,39.84666666666667
75,30,41.52903225806452
75,31,39.96875
75,32,38.53939393939394
75,33,40.26764705882353
75,34,41.79142857142857
75,35,40.44166666666666
75,36,39.15405405405405
75,37,37.99210526315789
75,38,36.75641025641025
75,39,35.62749999999999
75,40,34.65121951219511
75,41,33.65476190476189
75,42,32.648837209302314
75,43,31.71136363636363
75,44,33.05333333333333
75,45,32.58260869565217
75,46,31.723404255319146
75,47,33.002083333333324
75,48,32.565306122448966
75,49,31.753999999999987
100,0,-8.0
100,1,43.400000000000006
100,2,28.066666666666674
100,3,44.650000000000006
100,4,53.220000000000006
100,5,59.01666666666667
100,6,48.58571428571429
100,7,41.1875
100,8,47.266666666666666
100,9,41.959999999999994
100,10,46.48181818181817
100,11,41.60833333333332
100,12,37.68461538461538
100,13,41.16428571428571
100,14,37.79333333333333
100,15,39.93125
100,16,41.35882352941176
100,17,38.54999999999999
100,18,41.29473684210526
100,19,38.879999999999995
100,20,40.36666666666666
100,21,38.213636363636354
100,22,36.395652173913035
100,23,34.32916666666666
100,24,36.49199999999999
100,25,34.67307692307691
100,26,33.062962962962956
100,27,31.53214285714285
100,28,30.037931034482757
100,29,31.969999999999995
100,30,33.82903225806451
100,31,32.459374999999994
100,32,31.233333333333327
100,33,33.03823529411764
100,34,34.591428571428565
100,35,33.31388888888888
100,36,32.15405405405405
100,37,31.22368421052631
100,38,30.223076923076917
100,39,29.272499999999997
100,40,28.260975609756095
100,41,29.278571428571425
100,42,30.416279069767437
100,43,29.48409090909091
100,44,30.81111111111111
100,45,29.958695652173912
100,46,31.03191489361702
100,47,30.23125
100,48,29.426530612244896
100,49,30.822
